-8.712608826632122216e-01
-1.655625954268809430e+00
-2.210387174747509231e+00
-6.755841219721464563e-01
-1.035796981082162255e-01
-5.612020993181573436e-01
-1.466565908611535241e+00
1.082847776433083636e-01
-5.652695490642188902e-01
1.016546233407533251e+00
-7.888486266289168602e-01
1.902330305675952404e+00
-1.058931724672272034e+00
7.839169536587986542e-01
5.381112648335057980e-01
-7.521723184966866427e-01
-3.775669266882389352e-01
8.427029380838082506e-01
-5.456644946555535558e-01
8.330067088916924822e-01
-8.079106711596019397e-02
-5.795766175751515537e-01
-3.470133956026288935e-01
1.083231916596211653e+00
-1.431955015962508071e+00
-1.720013017638305497e+00
-7.304703519031973125e-01
6.675376832247043035e-01
4.935026753851945447e-01
1.469754115812973216e+00
-3.322549242647667711e-01
-8.759824550352008909e-01
-3.889344584849740438e-01
1.209563307917925323e+00
-1.177586533663253610e+00
-9.282974909173689060e-01
-8.122309805357361689e-01
-1.260293814238756083e+00
-1.961207502830350613e+00
-2.953601834614688615e-01
8.401184623925331829e-01
-4.937595738307657411e-01
-8.069049856110261931e-01
1.564234096381727224e-01
3.332298175741202906e-01
8.309791367367819204e-01
-6.727823867803500724e-01
-1.538535105603790587e+00
-3.697786108808963079e-01
-2.704221781967602878e-01
8.189147909258355229e-01
-1.570956102455631220e-01
-1.636047465198676498e+00
-2.271721433339785878e-01
-3.501987606472047321e-01
1.344354596064169405e+00
7.381020032256427887e-01
1.188918502915018660e+00
-8.808994182831139108e-01
1.008353774794728208e+00
-5.062975428770494224e-01
2.528023283589723655e-02
-4.701009577327865119e-04
-6.651792106218664680e-01
1.287451126612692232e+00
4.737118109702789237e-01
-1.597692109632256940e+00
-7.279495542723255497e-01
9.839405844943985846e-01
4.021067035000766010e-01
-1.543001671557173049e+00
6.124820951846347006e-01
-1.526707775093453900e+00
3.974611516693472568e-01
-1.113242479144113672e-01
5.600720423925794611e-01
4.046926029560484750e-01
1.574955430277059865e+00
-9.707365771130485044e-01
-1.837280226586624599e+00
5.881396048396211329e-01
-1.055990334652203266e+00
7.272650625714778272e-01
-1.439835501822774866e+00
6.249414823867321944e-01
3.973670211790540918e-01
1.610284312904148196e+00
1.481633658609763593e+00
-1.765537057480506489e+00
-1.253068030395156074e-01
3.620422110681905115e-01
-2.169318463303222255e-01
-1.605939811877556744e+00
-1.458078991194480478e+00
-5.674070925841273594e-01
-1.170771349055139909e+00
-2.745716747707105831e+00
2.690944271998639281e-01
2.204348680363882873e-01
4.553848773684791018e-01
-3.441425485203156853e+01
